1 99131392
2 97780410
3 97762834
4 98929920
5 99895750
6 98634322
7 101580746
8 97968882
9 99858158
10 100234486
11 99227428
12 100580426
13 99061670
14 98502814
15 101228064
16 99763300
17 99536618
18 95819340
19 100223048
20 94621134
21 91354412
22 92100812
23 89971468
24 91341912
25 90972240
26 89966480
27 89875746
28 90213034
29 92269640
30 90868602
31 90769842
32 90453802
33 90782986
34 90535442
35 90619796
36 89928416
37 89999428
38 90063992
39 91155174
40 91111748
41 89914590
42 90400520
43 90751974
44 89931870
45 90339456
46 91141836
47 90918256
48 90214966
49 90794852
50 90812462
51 90389328
52 90055098
53 89956894
54 90850160
55 90543012
56 90070482
57 91074032
58 90865546
59 90616552
60 89627488
61 89934804
62 90220936
63 90097594
64 90085434
65 91660680
66 90963196
67 89377868
68 89876100
69 90845622
70 92263030
71 89886458
72 93536404
73 91383734
74 90668500
75 89733640
76 90034326
77 90968196
78 90675452
79 90881734
80 90187442
81 91241368
82 90346564
83 90604844
84 89699556
85 90481668
86 89803342
87 90525120
88 89800290
89 90136554
90 90621596
91 89332942
92 89972882
93 90129796
94 90075510
95 91476904
96 91425560
97 90711460
98 89567738
99 90609594
100 90029300
